     0/299     16.8G    0.3616    0.1112   0.08306    0.5558       137       640   0.01594  0.004838  0.002245 0.0008761     0.284    0.1246   0.07598
     1/299     16.8G    0.2743   0.09492   0.07281    0.4421       136       640     0.067   0.04075   0.01554  0.006572    0.2457    0.1143   0.06601
     2/299     16.8G    0.2582   0.09138   0.06501    0.4146       137       640    0.1266   0.08046   0.03665    0.0165    0.2311    0.1102   0.05756
     3/299     16.8G    0.2447   0.08816   0.05892    0.3918       136       640    0.1784    0.1184   0.05949   0.02779     0.218    0.1065   0.05216
     4/299     16.8G    0.2322   0.08507   0.05457    0.3718       136       640    0.1878    0.1491   0.07829   0.03759      0.21    0.1038   0.04892
     5/299     16.8G    0.2251   0.08314   0.05146    0.3597       137       640    0.1813    0.1628   0.09051   0.04344    0.2049    0.1022   0.04685
     6/299     16.8G    0.2195   0.08164   0.04915    0.3502       137       640    0.1838    0.1799   0.09909   0.04821    0.2015    0.1012   0.04549
     7/299     16.8G    0.2155   0.08048   0.04733    0.3433       137       640    0.1898    0.1859    0.1052    0.0516    0.1989    0.1004   0.04453
     8/299     16.8G     0.212   0.07946   0.04573    0.3371       137       640    0.2125    0.1836    0.1104   0.05433     0.197   0.09984   0.04378
     9/299     16.8G    0.2091   0.07862   0.04447    0.3322       137       640    0.2384    0.1828    0.1143   0.05642    0.1956   0.09945   0.04313
    10/299     16.8G    0.2069   0.07784   0.04327     0.328       136       640    0.2492    0.1875    0.1187   0.05874    0.1942    0.0992   0.04254
    11/299     16.8G    0.2048   0.07727   0.04244    0.3245       136       640    0.2634    0.1895    0.1226   0.06092    0.1929     0.099   0.04195
    12/299     16.8G    0.2026   0.07675   0.04145    0.3208       137       640    0.2881    0.1927    0.1266    0.0633    0.1912   0.09873   0.04134
    13/299     16.8G    0.2015   0.07622   0.04078    0.3185       137       640    0.2747    0.1995    0.1309   0.06581    0.1898   0.09844   0.04071
    14/299     16.8G    0.1998   0.07575   0.04001    0.3155       137       640    0.3115    0.1932    0.1363   0.06873    0.1881   0.09805      0.04
    15/299     16.8G    0.1984   0.07542   0.03939    0.3133       136       640    0.2999    0.2078    0.1421   0.07193    0.1865   0.09764   0.03927
    16/299     16.8G    0.1976   0.07502   0.03884    0.3114       137       640    0.3143    0.2187    0.1477    0.0753    0.1849   0.09721   0.03852
    17/299     16.8G    0.1963   0.07474   0.03833    0.3094       136       640    0.3065    0.2264    0.1539   0.07892    0.1834   0.09667   0.03776
    18/299     16.8G     0.195   0.07432   0.03771    0.3071       137       640    0.3181     0.235    0.1624   0.08356    0.1816   0.09611     0.037
    19/299     16.8G     0.194   0.07407   0.03734    0.3054       137       640    0.3387    0.2358    0.1698   0.08746    0.1799    0.0955   0.03621
    20/299     16.8G    0.1936   0.07371   0.03685    0.3041       136       640    0.3293    0.2521    0.1777   0.09157    0.1782   0.09482   0.03544
    21/299     16.8G    0.1923   0.07349   0.03646    0.3022       137       640    0.3423    0.2563    0.1854   0.09564    0.1768   0.09409   0.03469
    22/299     16.8G    0.1918   0.07335   0.03611    0.3013       137       640    0.3762    0.2486     0.193   0.09956    0.1754   0.09349   0.03398
    23/299     16.8G    0.1909   0.07308    0.0358    0.2998       137       640     0.362    0.2652    0.2005    0.1034     0.174   0.09281   0.03328
    24/299     16.8G    0.1906   0.07303    0.0356    0.2992       137       640    0.3978    0.2569    0.2083    0.1074    0.1726   0.09213   0.03265
    25/299     16.8G    0.1891   0.07264   0.03512    0.2969       136       640    0.3826     0.269     0.216    0.1117    0.1713   0.09145   0.03204
    26/299     16.8G    0.1897   0.07252   0.03491    0.2971       136       640    0.3941    0.2705    0.2228    0.1152      0.17   0.09076   0.03148
    27/299     16.8G    0.1882   0.07235   0.03459    0.2952       136       640    0.3961    0.2789    0.2301    0.1188    0.1688   0.09015   0.03095
    28/299     16.8G    0.1877   0.07208   0.03432    0.2941       137       640    0.3925    0.2856     0.237    0.1225    0.1677    0.0895   0.03044
    29/299     16.8G    0.1873   0.07194   0.03411    0.2934       137       640    0.4082    0.2853    0.2426    0.1255    0.1667   0.08895   0.02999
    30/299     16.8G    0.1871   0.07183   0.03386    0.2928       136       640    0.4222    0.2855    0.2485    0.1285    0.1658   0.08847   0.02956
    31/299     16.8G    0.1867    0.0717    0.0336     0.292       137       640    0.4085    0.2961    0.2531    0.1308    0.1651   0.08805   0.02916
    32/299     16.8G    0.1858   0.07152   0.03344    0.2908       137       640    0.3945    0.3076    0.2584    0.1336    0.1642   0.08761   0.02879
    33/299     16.8G    0.1851   0.07133   0.03318    0.2897       137       640    0.4048    0.3061    0.2635    0.1363    0.1634   0.08723   0.02844
    34/299     16.8G    0.1851   0.07123   0.03301    0.2893       136       640    0.4314    0.3024    0.2689    0.1388    0.1627   0.08686   0.02814
    35/299     16.8G    0.1845   0.07112   0.03293    0.2886       136       640    0.4144    0.3132    0.2717    0.1405    0.1621   0.08657   0.02785
    36/299     16.8G    0.1841   0.07102   0.03264    0.2878       137       640    0.4311    0.3067    0.2745     0.142    0.1614   0.08628   0.02757
    37/299     16.8G    0.1834   0.07086   0.03251    0.2867       136       640    0.4236    0.3176    0.2787    0.1438    0.1609   0.08599    0.0273
    38/299     16.8G    0.1833   0.07073   0.03233    0.2864       136       640    0.4403    0.3103    0.2809    0.1455    0.1604   0.08573   0.02705
    39/299     16.8G    0.1825   0.07061   0.03212    0.2852       137       640    0.4379    0.3164     0.285    0.1474    0.1598   0.08548   0.02683
    40/299     16.8G    0.1822   0.07049   0.03199    0.2847       136       640    0.4522    0.3142    0.2883    0.1494    0.1594   0.08525   0.02661
    41/299     16.8G    0.1823   0.07045   0.03189    0.2846       137       640    0.4308    0.3282    0.2911    0.1511    0.1589   0.08505    0.0264
    42/299     16.8G    0.1819   0.07031    0.0317    0.2839       137       640    0.4347      0.33    0.2939    0.1528    0.1584   0.08482    0.0262
    43/299     16.8G    0.1815   0.07029   0.03163    0.2834       136       640    0.4551    0.3239     0.297    0.1546    0.1579   0.08459   0.02599
    44/299     16.8G    0.1812   0.07012   0.03142    0.2827       137       640    0.4613    0.3243    0.2996     0.156    0.1576   0.08441   0.02583
    45/299     16.8G     0.181    0.0701   0.03138    0.2825       137       640     0.475    0.3224    0.3015    0.1571    0.1572   0.08426    0.0257
    46/299     16.8G    0.1806   0.06993   0.03117    0.2817       136       640    0.4421     0.337    0.3026    0.1581    0.1568   0.08408   0.02553
    47/299     16.8G    0.1803   0.06994   0.03111    0.2814       137       640    0.4514    0.3356    0.3051    0.1594    0.1565   0.08396   0.02542
    48/299     16.8G    0.1804   0.06987    0.0311    0.2814       137       640    0.4813    0.3246    0.3074    0.1604    0.1562   0.08382   0.02528
    49/299     16.8G    0.1798   0.06981   0.03101    0.2806       136       640    0.4804     0.327    0.3095    0.1615    0.1558   0.08368   0.02513
    50/299     16.8G    0.1795   0.06966   0.03076      0.28       137       640    0.4609    0.3389    0.3119    0.1628    0.1555   0.08356   0.02503
    51/299     16.8G    0.1799   0.06971   0.03076    0.2804       137       640    0.4796    0.3303     0.313    0.1633    0.1553   0.08346   0.02491
    52/299     16.8G    0.1787   0.06949   0.03054    0.2787       137       640    0.4498    0.3445    0.3136    0.1638     0.155   0.08336   0.02481
    53/299     16.8G    0.1794   0.06953   0.03057    0.2795       135       640    0.4513    0.3458    0.3156    0.1647    0.1548   0.08326   0.02471
    54/299     16.8G    0.1782   0.06937   0.03038     0.278       136       640     0.494    0.3287    0.3172    0.1657    0.1545   0.08315   0.02459
    55/299     16.8G    0.1782   0.06928   0.03028    0.2778       137       640    0.4848     0.334     0.319    0.1668    0.1541   0.08305    0.0245
    56/299     16.8G    0.1782   0.06931   0.03032    0.2778       137       640    0.4677    0.3454    0.3199    0.1671    0.1538   0.08295    0.0244
    57/299     16.8G    0.1777   0.06924   0.03013    0.2771       137       640    0.4577    0.3505    0.3208    0.1681    0.1536   0.08283    0.0243
    58/299     16.8G    0.1776   0.06913   0.03004    0.2767       137       640    0.4673    0.3485    0.3223     0.169    0.1533   0.08271   0.02421
    59/299     16.8G    0.1774   0.06898    0.0299    0.2763       137       640    0.4825    0.3438    0.3236    0.1697    0.1531    0.0826   0.02414
    60/299     16.8G    0.1769   0.06898   0.02982    0.2757       136       640    0.4791    0.3461    0.3246    0.1703     0.153   0.08255   0.02408
    61/299     16.8G     0.177   0.06892   0.02975    0.2757       136       640    0.4809    0.3458    0.3259    0.1709    0.1527   0.08245     0.024
    62/299     16.8G    0.1769    0.0689   0.02981    0.2756       137       640    0.4956    0.3414    0.3269    0.1713    0.1525   0.08237   0.02393
    63/299     16.8G    0.1766   0.06881   0.02964     0.275       137       640    0.4757    0.3493     0.328    0.1716    0.1523   0.08229   0.02386
    64/299     16.8G    0.1761   0.06868   0.02957    0.2743       137       640    0.5027      0.34    0.3298    0.1725    0.1522   0.08223   0.02379
    65/299     16.8G    0.1761   0.06861   0.02943    0.2741       137       640    0.5021    0.3412    0.3309    0.1733     0.152   0.08215   0.02372
    66/299     16.8G    0.1755   0.06854   0.02938    0.2735       136       640    0.4819    0.3497     0.332    0.1737    0.1517   0.08208   0.02365
    67/299     16.8G    0.1762    0.0686   0.02934    0.2741       137       640      0.49     0.348    0.3325    0.1742    0.1516   0.08204   0.02358
    68/299     16.8G     0.176   0.06857   0.02933    0.2739       137       640    0.4649    0.3638    0.3337     0.175    0.1515   0.08195   0.02351
    69/299     16.8G     0.175   0.06848   0.02918    0.2727       137       640    0.4674    0.3633    0.3343    0.1759    0.1515    0.0819   0.02343
    70/299     16.8G    0.1751   0.06842   0.02913    0.2727       137       640    0.4822    0.3584    0.3359    0.1765    0.1513   0.08181   0.02333
    71/299     16.8G    0.1748   0.06835   0.02903    0.2722       137       640     0.478    0.3605    0.3363    0.1771    0.1512   0.08176   0.02327
    72/299     16.8G    0.1742   0.06817    0.0289    0.2712       136       640     0.477    0.3599    0.3373     0.178    0.1511   0.08169   0.02319
    73/299     16.8G    0.1736   0.06808   0.02882    0.2705       137       640    0.4918     0.356    0.3376    0.1781    0.1509   0.08161   0.02311
    74/299     16.8G    0.1738   0.06818   0.02888    0.2708       137       640    0.4835    0.3595    0.3382    0.1784    0.1507   0.08153   0.02306
    75/299     16.8G    0.1741   0.06812   0.02882     0.271       136       640    0.4965    0.3556    0.3394    0.1788    0.1505   0.08146   0.02301
    76/299     16.8G     0.174   0.06804   0.02875    0.2708       137       640    0.4888    0.3599    0.3409    0.1789    0.1503    0.0814   0.02296
    77/299     16.8G     0.173   0.06794   0.02861    0.2695       136       640    0.4759    0.3676    0.3404    0.1788    0.1503   0.08132   0.02292
    78/299     16.8G    0.1733   0.06795   0.02856    0.2698       137       640    0.4877    0.3633    0.3421    0.1796    0.1501   0.08125   0.02288
    79/299     16.8G    0.1731   0.06782   0.02854    0.2695       135       640    0.4786    0.3702    0.3434    0.1801    0.1501   0.08119   0.02285
    80/299     16.8G    0.1724   0.06773   0.02834    0.2685       136       640    0.4943    0.3628    0.3437    0.1811    0.1498   0.08111   0.02278
    81/299     16.8G    0.1729   0.06771    0.0283    0.2689       136       640    0.4943    0.3638    0.3442    0.1813    0.1496   0.08105   0.02273
    82/299     16.8G    0.1724   0.06768   0.02829    0.2684       136       640    0.5045    0.3607    0.3449    0.1818    0.1494   0.08099   0.02268
    83/299     16.8G    0.1725   0.06774   0.02833    0.2686       136       640    0.4982    0.3635    0.3453    0.1819    0.1493   0.08097   0.02264
    84/299     16.8G    0.1721   0.06761   0.02828     0.268       137       640     0.491    0.3679     0.346    0.1825    0.1493    0.0809   0.02259
    85/299     16.8G    0.1719   0.06755   0.02815    0.2676       136       640    0.4894    0.3713    0.3478    0.1833    0.1493   0.08088   0.02255
    86/299     16.8G    0.1718   0.06746   0.02806    0.2674       136       640    0.4907    0.3722    0.3494    0.1839    0.1491   0.08084   0.02249
    87/299     16.8G    0.1717    0.0675   0.02802    0.2672       137       640    0.4972    0.3686    0.3493    0.1838    0.1489    0.0808   0.02246
    88/299     16.8G    0.1715   0.06734   0.02792    0.2668       137       640    0.4871    0.3732    0.3492    0.1846    0.1486   0.08074   0.02242
    89/299     16.8G    0.1709   0.06722   0.02783    0.2659       137       640    0.4931    0.3716    0.3497     0.185    0.1484   0.08071   0.02237
    90/299     16.8G    0.1712   0.06732   0.02788    0.2664       136       640    0.4898    0.3748     0.351    0.1851    0.1483   0.08067   0.02231
    91/299     16.8G    0.1709   0.06728   0.02775    0.2659       135       640    0.4856    0.3779    0.3515    0.1857    0.1481   0.08064   0.02225
    92/299     16.8G    0.1705   0.06718   0.02766    0.2653       137       640    0.4761    0.3807    0.3517    0.1857    0.1481   0.08063   0.02221
    93/299     16.8G    0.1708   0.06711   0.02762    0.2655       137       640    0.5012    0.3692     0.352     0.186    0.1482    0.0806   0.02217
    94/299     16.8G    0.1703   0.06706   0.02754    0.2649       136       640    0.4826    0.3806    0.3531    0.1865    0.1481   0.08055   0.02213
    95/299     16.8G    0.1699   0.06701   0.02752    0.2644       137       640    0.4866    0.3805    0.3543    0.1876     0.148   0.08053   0.02208
    96/299     16.8G    0.1697   0.06692   0.02748    0.2641       137       640    0.4996    0.3729    0.3556    0.1882    0.1479   0.08049   0.02203
    97/299     16.8G    0.1703   0.06706   0.02746    0.2648       136       640    0.5016    0.3721    0.3554    0.1883    0.1478   0.08045     0.022
    98/299     16.8G    0.1696   0.06683   0.02738    0.2639       136       640    0.4984    0.3737    0.3563    0.1884    0.1477   0.08041   0.02197
    99/299     16.8G    0.1693   0.06677    0.0272    0.2632       137       640    0.4953    0.3746    0.3574    0.1892    0.1476   0.08037   0.02192
   100/299     16.8G    0.1695   0.06689   0.02731    0.2637       136       640    0.4862    0.3799    0.3575    0.1898    0.1474   0.08032   0.02187
   101/299     16.8G    0.1692   0.06678   0.02723    0.2632       137       640    0.4851    0.3819    0.3575    0.1896    0.1473   0.08028   0.02185
   102/299     16.8G    0.1693   0.06671   0.02713    0.2632       137       640    0.4867    0.3819    0.3585      0.19    0.1472   0.08023    0.0218
   103/299     16.8G    0.1682    0.0666   0.02701    0.2618       136       640    0.4809    0.3837    0.3592    0.1908    0.1471   0.08019   0.02175
   104/299     16.8G    0.1682   0.06649   0.02697    0.2617       136       640    0.4779    0.3874    0.3608    0.1912    0.1469   0.08014   0.02171
   105/299     16.8G    0.1684   0.06659   0.02698     0.262       136       640    0.5085    0.3745    0.3622    0.1917    0.1468   0.08011    0.0217
   106/299     16.8G    0.1678    0.0664   0.02674    0.2609       137       640    0.5185    0.3693     0.362    0.1918    0.1466   0.08009   0.02169
   107/299     16.8G     0.168   0.06645   0.02685    0.2613       137       640    0.5078    0.3759    0.3625     0.192    0.1466   0.08007   0.02164
   108/299     16.8G    0.1676    0.0663   0.02669    0.2606       136       640    0.5175    0.3726    0.3632    0.1926    0.1463   0.07998   0.02156
   109/299     16.8G    0.1678   0.06634   0.02676    0.2609       137       640    0.5086    0.3756     0.364    0.1928    0.1461   0.07992   0.02149
   110/299     16.8G    0.1669   0.06612   0.02654    0.2595       137       640    0.4975    0.3801    0.3651    0.1933    0.1461    0.0799   0.02146
   111/299     16.8G    0.1672   0.06627   0.02663    0.2601       137       640    0.4948    0.3813    0.3642    0.1936     0.146   0.07991   0.02143
   112/299     16.8G    0.1669   0.06613   0.02657    0.2596       137       640    0.5136    0.3751    0.3651    0.1943    0.1458   0.07985   0.02137
   113/299     16.8G    0.1669   0.06615   0.02646    0.2595       137       640    0.5029    0.3821    0.3657    0.1948    0.1456   0.07977   0.02133
   114/299     16.8G    0.1664   0.06602    0.0264    0.2589       136       640    0.5221    0.3743    0.3667     0.195    0.1455   0.07972    0.0213
   115/299     16.8G    0.1662   0.06598   0.02635    0.2585       137       640     0.511    0.3821    0.3681    0.1958    0.1455   0.07967   0.02126
   116/299     16.8G    0.1662   0.06597   0.02635    0.2585       136       640    0.5166      0.38    0.3683    0.1964    0.1454   0.07966   0.02123
   117/299     16.8G    0.1661   0.06594   0.02627    0.2583       137       640    0.5077    0.3829    0.3681    0.1964    0.1453    0.0796    0.0212
   118/299     16.8G     0.166   0.06589   0.02616     0.258       137       640    0.5183    0.3768    0.3689    0.1968    0.1452   0.07954   0.02117
   119/299     16.8G    0.1657   0.06572   0.02612    0.2575       136       640    0.5216    0.3758    0.3689    0.1969     0.145    0.0795   0.02115
   120/299     16.8G     0.165   0.06564   0.02598    0.2566       137       640    0.5141    0.3788      0.37    0.1974    0.1449   0.07942   0.02113
   121/299     16.8G    0.1653   0.06577   0.02609    0.2572       137       640    0.5242    0.3752    0.3704    0.1975    0.1448   0.07941   0.02112
   122/299     16.8G    0.1651   0.06571   0.02605    0.2568       136       640    0.5302     0.373    0.3714    0.1981    0.1446   0.07936   0.02108
   123/299     16.8G    0.1647   0.06554   0.02584    0.2561       136       640    0.5358    0.3709    0.3714    0.1981    0.1445   0.07932   0.02104
   124/299     16.8G    0.1646   0.06556   0.02585    0.2561       136       640    0.4957    0.3904     0.371    0.1984    0.1445   0.07929   0.02102
   125/299     16.8G    0.1639   0.06538   0.02566    0.2549       137       640    0.5227     0.377    0.3712    0.1984    0.1444   0.07926   0.02101
   126/299     16.8G    0.1636   0.06538   0.02565    0.2546       137       640     0.523    0.3804    0.3727    0.1992     0.144   0.07917   0.02097
   127/299     16.8G    0.1643   0.06547   0.02579    0.2555       137       640    0.4974    0.3915    0.3727    0.1995     0.144   0.07914   0.02095
   128/299     16.8G    0.1638   0.06534   0.02571    0.2549       136       640    0.5169    0.3837    0.3732    0.1997    0.1439   0.07912   0.02094
   129/299     16.8G    0.1633    0.0652   0.02546    0.2539       137       640    0.5107    0.3889    0.3743    0.2001    0.1439   0.07912   0.02091
   130/299     16.8G    0.1627   0.06508   0.02538    0.2531       137       640     0.506     0.392    0.3747    0.2004    0.1438   0.07909   0.02088
   131/299     16.8G    0.1627   0.06504   0.02536    0.2531       137       640    0.5098     0.392    0.3764    0.2007    0.1438   0.07906   0.02082
   132/299     16.8G    0.1627   0.06504   0.02536    0.2531       137       640    0.5144      0.39    0.3766     0.201    0.1437   0.07903   0.02075
   133/299     16.8G    0.1628   0.06511   0.02541    0.2533       137       640    0.5245    0.3872    0.3764    0.2017    0.1436     0.079    0.0207
   134/299     16.8G    0.1626   0.06499   0.02526    0.2529       137       640    0.5223    0.3883    0.3763    0.2016    0.1434   0.07895   0.02068
   135/299     16.8G    0.1623     0.065   0.02525    0.2525       136       640    0.5177    0.3901    0.3767    0.2019    0.1433   0.07891   0.02066
   136/299     16.8G    0.1621   0.06485   0.02513    0.2521       137       640    0.5369    0.3825    0.3777    0.2022    0.1432   0.07888   0.02059
   137/299     16.8G    0.1619   0.06487   0.02513    0.2519       137       640    0.5311    0.3864    0.3779    0.2023     0.143   0.07883   0.02054
   138/299     16.8G    0.1613   0.06467   0.02496    0.2509       136       640    0.5244    0.3885     0.377    0.2025    0.1429   0.07878   0.02052
   139/299     16.8G    0.1614   0.06467   0.02492     0.251       136       640    0.5245    0.3881    0.3767    0.2028    0.1427   0.07871   0.02048
   140/299     16.8G    0.1612   0.06462   0.02494    0.2508       135       640    0.5197    0.3916    0.3772    0.2029    0.1426   0.07864   0.02044
   141/299     16.8G    0.1607   0.06444   0.02483      0.25       137       640    0.5212     0.392    0.3781    0.2034    0.1425   0.07857   0.02042
   142/299     16.8G    0.1608   0.06454   0.02476    0.2501       136       640    0.5257    0.3916    0.3798    0.2039    0.1424   0.07852   0.02039
   143/299     16.8G    0.1605    0.0645   0.02476    0.2498       137       640    0.5366    0.3867    0.3795    0.2045    0.1423    0.0785   0.02037
   144/299     16.8G    0.1602   0.06439   0.02466    0.2493       137       640    0.5413    0.3874    0.3811    0.2051    0.1423    0.0785   0.02035
   145/299     16.8G    0.1606   0.06441   0.02477    0.2497       137       640    0.5307    0.3925    0.3809    0.2053    0.1423   0.07847   0.02033
   146/299     16.8G      0.16   0.06434   0.02462     0.249       136       640    0.5325      0.39    0.3813    0.2054    0.1422   0.07842    0.0203
   147/299     16.8G     0.159   0.06401   0.02436    0.2473       137       640    0.5372    0.3889    0.3816    0.2048    0.1421   0.07837   0.02029
   148/299     16.8G    0.1597   0.06426   0.02449    0.2484       137       640    0.5231    0.3952     0.382    0.2056     0.142   0.07833   0.02027
   149/299     16.8G    0.1591   0.06404   0.02434    0.2475       137       640    0.5486    0.3825    0.3825    0.2054    0.1419    0.0783   0.02025
   150/299     16.8G    0.1587   0.06404   0.02424     0.247       137       640    0.5425    0.3846    0.3827    0.2058    0.1416   0.07824   0.02024
   151/299     16.8G    0.1585   0.06393   0.02419    0.2466       136       640    0.5331    0.3909    0.3836    0.2069    0.1415   0.07821   0.02022
   152/299     16.8G    0.1586   0.06394   0.02424    0.2468       136       640    0.5224    0.3961    0.3849    0.2076    0.1413   0.07818   0.02018
   153/299     16.8G    0.1584   0.06381   0.02408    0.2463       137       640     0.522    0.3982    0.3854    0.2078    0.1412   0.07816   0.02015
   154/299     16.8G    0.1583   0.06382    0.0241    0.2462       137       640    0.5172    0.4021    0.3856    0.2083    0.1412   0.07812   0.02011
   155/299     16.8G    0.1577   0.06375   0.02402    0.2454       137       640    0.5223    0.3984    0.3862    0.2086    0.1411   0.07806   0.02008
   156/299     16.8G    0.1575   0.06373   0.02392    0.2451       137       640    0.5069    0.4049    0.3854    0.2086     0.141   0.07803   0.02009
   157/299     16.8G    0.1581   0.06376   0.02397    0.2458       137       640    0.5248    0.3967    0.3863    0.2082    0.1411   0.07802   0.02006
   158/299     16.8G    0.1576   0.06363   0.02384    0.2451       137       640    0.5181       0.4    0.3857    0.2084    0.1408   0.07795      0.02
   159/299     16.8G    0.1571   0.06353    0.0238    0.2444       137       640    0.5163    0.4021    0.3865    0.2089    0.1406   0.07792   0.01996
   160/299     16.8G    0.1564    0.0634   0.02367    0.2435       136       640    0.5075    0.4065     0.388    0.2096    0.1405   0.07791   0.01992
   161/299     16.8G    0.1569   0.06345   0.02367    0.2441       136       640    0.5294    0.3963    0.3882    0.2102    0.1404   0.07786   0.01989
   162/299     16.8G    0.1562   0.06334   0.02355    0.2431       137       640    0.5419    0.3924    0.3891    0.2107    0.1404   0.07781   0.01988
   163/299     16.8G    0.1558   0.06321   0.02341    0.2424       137       640    0.5384    0.3934    0.3888    0.2107    0.1404   0.07776   0.01986
   164/299     16.8G    0.1555   0.06311   0.02339     0.242       137       640    0.5304    0.3975    0.3896    0.2117    0.1403   0.07774   0.01982
   165/299     16.8G    0.1555   0.06315   0.02337     0.242       137       640    0.5285    0.3992      0.39    0.2117    0.1402   0.07769   0.01978
   166/299     16.8G    0.1559   0.06317   0.02331    0.2423       137       640     0.535    0.3956    0.3905    0.2122    0.1401   0.07764   0.01975
   167/299     16.8G    0.1556   0.06306   0.02324    0.2419       136       640    0.5455    0.3907    0.3904    0.2121      0.14   0.07759   0.01973
   168/299     16.8G    0.1552     0.063   0.02322    0.2414       137       640    0.5459    0.3979    0.3926    0.2138    0.1399   0.07753    0.0197
   169/299     16.8G    0.1543   0.06279   0.02307    0.2401       136       640     0.529    0.4011     0.392    0.2126    0.1399   0.07753   0.01967
   170/299     16.8G    0.1547   0.06286   0.02307    0.2406       137       640     0.547    0.3986    0.3944    0.2141    0.1397    0.0775   0.01964
   171/299     16.8G    0.1543   0.06276   0.02298    0.2401       137       640    0.5445    0.3998    0.3949    0.2146    0.1395   0.07745   0.01963
   172/299     16.8G    0.1536   0.06256   0.02286     0.239       136       640     0.541     0.403    0.3952    0.2149    0.1395   0.07741    0.0196
   173/299     16.8G    0.1542   0.06266   0.02287    0.2397       137       640    0.5367    0.3991     0.394    0.2139    0.1394   0.07737   0.01957
   174/299     16.8G    0.1535   0.06258   0.02281    0.2389       137       640    0.5215    0.4071    0.3941    0.2145    0.1392   0.07734   0.01955
   175/299     16.8G    0.1535   0.06257   0.02278    0.2388       137       640    0.5183    0.4099    0.3936    0.2143    0.1391    0.0773   0.01954
   176/299     16.8G    0.1526   0.06245   0.02265    0.2377       136       640    0.5557    0.3912     0.394    0.2144     0.139   0.07726   0.01954
   177/299     16.8G    0.1525    0.0624   0.02264    0.2375       137       640     0.524    0.4069    0.3935    0.2149    0.1389   0.07723   0.01951
   178/299     16.8G    0.1527   0.06234   0.02257    0.2376       137       640     0.529    0.4026    0.3931    0.2151    0.1389    0.0772    0.0195
   179/299     16.8G     0.152    0.0623   0.02252    0.2369       137       640    0.5353    0.4006    0.3934    0.2156    0.1388   0.07715   0.01946
   180/299     16.8G    0.1516   0.06215   0.02249    0.2363       136       640    0.5672    0.3886    0.3935    0.2161    0.1387   0.07712   0.01943
   181/299     16.8G    0.1512   0.06194   0.02223    0.2354       137       640    0.5537    0.3941    0.3952    0.2166    0.1387   0.07711   0.01941
   182/299     16.8G    0.1513   0.06201   0.02229    0.2356       137       640    0.5188    0.4143    0.3959    0.2167    0.1386   0.07709   0.01938
   183/299     16.8G    0.1516   0.06208   0.02231    0.2359       136       640    0.5404    0.4044     0.397    0.2173    0.1385   0.07705   0.01935
   184/299     16.8G    0.1514   0.06206   0.02225    0.2357       136       640     0.545    0.4036    0.3976    0.2175    0.1384   0.07703   0.01935
   185/299     16.8G    0.1509   0.06187   0.02212    0.2349       136       640    0.5534    0.4065    0.3995    0.2191    0.1383     0.077   0.01936
   186/299     16.8G    0.1503   0.06173     0.022    0.2341       137       640    0.5568    0.3997    0.3984     0.218    0.1382   0.07698   0.01933
   187/299     16.8G    0.1503   0.06175   0.02193     0.234       137       640     0.535    0.4095    0.3988    0.2182    0.1382   0.07694    0.0193
   188/299     16.8G    0.1506   0.06179   0.02201    0.2344       137       640    0.5467    0.4041    0.3987    0.2188    0.1382   0.07689   0.01927
   189/299     16.8G    0.1495   0.06164   0.02187    0.2331       136       640    0.5641    0.4018    0.3989     0.219    0.1382   0.07687   0.01925
   190/299     16.8G    0.1495   0.06158   0.02181    0.2329       135       640    0.5634    0.4025    0.3992    0.2188    0.1382    0.0769   0.01923
   191/299     16.8G    0.1491   0.06149   0.02167    0.2323       135       640    0.5564    0.4063    0.4003    0.2192    0.1381   0.07689   0.01922
   192/299     16.8G    0.1489   0.06142   0.02166     0.232       137       640    0.5506    0.4076    0.4002    0.2191    0.1379   0.07686   0.01919
   193/299     16.8G    0.1487   0.06133    0.0216    0.2317       136       640    0.5461    0.4112    0.4005    0.2195    0.1378   0.07685   0.01915
   194/299     16.8G    0.1488   0.06133   0.02158    0.2318       136       640    0.5645    0.4041    0.4012    0.2199    0.1378   0.07683   0.01911
   195/299     16.8G    0.1486   0.06127   0.02155    0.2315       137       640    0.5742    0.4002    0.4011    0.2196    0.1375   0.07677   0.01908
   196/299     16.8G    0.1484   0.06117   0.02147     0.231       137       640    0.5727    0.4017    0.4016    0.2203    0.1373   0.07672   0.01901
   197/299     16.8G    0.1475     0.061   0.02133    0.2298       137       640    0.5784    0.4011     0.401    0.2208    0.1372   0.07668   0.01896
   198/299     16.8G    0.1478   0.06108   0.02132    0.2302       137       640    0.5614    0.4082    0.4012    0.2215    0.1371   0.07669   0.01894
   199/299     16.8G    0.1473   0.06094   0.02117    0.2294       137       640    0.5668    0.4049    0.4022    0.2215     0.137   0.07662   0.01892
   200/299     16.8G    0.1475     0.061   0.02124    0.2297       137       640    0.5433    0.4155    0.4025    0.2219    0.1369   0.07658   0.01888
   201/299     16.8G    0.1471    0.0609   0.02115    0.2291       137       640    0.5471    0.4143    0.4033    0.2227    0.1367   0.07658   0.01885
   202/299     16.8G    0.1472   0.06096   0.02118    0.2293       137       640    0.5636    0.4064    0.4039     0.223    0.1367   0.07655   0.01884
   203/299     16.8G    0.1469    0.0607   0.02107    0.2287       136       640    0.5408    0.4184    0.4049    0.2231    0.1367   0.07653   0.01884
   204/299     16.8G    0.1462   0.06063   0.02088    0.2277       137       640    0.5569    0.4103     0.405    0.2234    0.1367   0.07651   0.01884
   205/299     16.8G    0.1455   0.06051   0.02084    0.2268       136       640    0.5566     0.411    0.4052    0.2234    0.1367    0.0765   0.01886
   206/299     16.8G    0.1455   0.06038   0.02075    0.2267       136       640    0.5501    0.4139    0.4049    0.2235    0.1367    0.0765   0.01887
   207/299     16.8G    0.1449   0.06036   0.02066    0.2259       137       640    0.5565    0.4132    0.4051    0.2237    0.1366   0.07648   0.01884
   208/299     16.8G    0.1455   0.06038   0.02068    0.2266       137       640    0.5887    0.3977    0.4064    0.2242    0.1365   0.07647   0.01882
   209/299     16.8G    0.1452   0.06032   0.02062    0.2261       137       640    0.5674    0.4068    0.4062    0.2241    0.1365   0.07644    0.0188
   210/299     16.8G    0.1447   0.06016   0.02048    0.2253       136       640    0.5661    0.4083    0.4065    0.2243    0.1363    0.0764   0.01878
   211/299     16.8G    0.1439   0.05997   0.02039    0.2242       136       640    0.5743    0.4069    0.4075    0.2249    0.1361   0.07638   0.01874
   212/299     16.8G    0.1438   0.05992   0.02027     0.224       137       640    0.5637    0.4108    0.4088    0.2261     0.136   0.07633   0.01871
   213/299     16.8G    0.1435   0.05996   0.02029    0.2238       136       640    0.5425    0.4221    0.4085    0.2263     0.136    0.0763    0.0187
   214/299     16.8G     0.143   0.05984    0.0202    0.2231       136       640    0.5723    0.4065    0.4083    0.2261     0.136   0.07627   0.01866
   215/299     16.8G    0.1428   0.05973   0.02014    0.2227       137       640    0.5638    0.4112    0.4094    0.2267    0.1359   0.07622   0.01865
   216/299     16.8G    0.1425   0.05963   0.02005    0.2222       137       640    0.5488    0.4195    0.4092    0.2268    0.1358   0.07616   0.01864
   217/299     16.8G    0.1429   0.05964   0.02009    0.2226       137       640     0.549     0.422    0.4099    0.2274    0.1357   0.07609   0.01862
   218/299     16.8G    0.1427   0.05966   0.02003    0.2224       137       640    0.5576    0.4182    0.4103    0.2279    0.1357   0.07603    0.0186
   219/299     16.8G    0.1423   0.05964   0.02001    0.2219       135       640     0.584    0.4056    0.4108    0.2279    0.1356   0.07601   0.01859
   220/299     16.8G    0.1423   0.05958   0.01999    0.2219       137       640    0.5572    0.4181    0.4107    0.2277    0.1354   0.07597   0.01858
   221/299     16.8G    0.1417   0.05943   0.01982    0.2209       136       640    0.5709    0.4111    0.4102    0.2273    0.1352   0.07594   0.01855
   222/299     16.8G    0.1416    0.0595   0.01991     0.221       137       640    0.5717    0.4101    0.4104    0.2273    0.1352   0.07593   0.01852
   223/299     16.8G    0.1406   0.05923   0.01955    0.2193       137       640    0.5551    0.4177    0.4101     0.228    0.1351   0.07592   0.01853
   224/299     16.8G     0.141       nan   0.01963       nan       136       640    0.5759    0.4078    0.4109    0.2279    0.1351   0.07593   0.01855
   225/299     16.8G    0.1406   0.05926   0.01963    0.2195       136       640    0.5637    0.4153    0.4121    0.2284    0.1351   0.07591   0.01856
   226/299     16.8G    0.1405   0.05908   0.01957    0.2192       136       640    0.5457    0.4238    0.4125    0.2289    0.1351   0.07589   0.01857
   227/299     16.8G      0.14   0.05903   0.01944    0.2185       137       640    0.5692     0.414    0.4127    0.2292    0.1351    0.0759   0.01855
   228/299     16.8G    0.1396   0.05889    0.0193    0.2178       136       640    0.5603    0.4188    0.4136    0.2298    0.1351   0.07585   0.01851
   229/299     16.8G    0.1396   0.05883   0.01932    0.2178       137       640    0.5529    0.4228    0.4131    0.2292     0.135   0.07583    0.0185
   230/299     16.8G    0.1397   0.05887   0.01937     0.218       137       640    0.5729    0.4115    0.4135    0.2291     0.135   0.07586   0.01851
   231/299     16.8G    0.1394    0.0588   0.01925    0.2175       136       640    0.5745    0.4101    0.4136    0.2289    0.1348   0.07591   0.01852
   232/299     16.8G    0.1389   0.05867   0.01914    0.2167       137       640    0.5606    0.4181    0.4136    0.2292    0.1346   0.07589    0.0185
   233/299     16.8G    0.1386   0.05863    0.0191    0.2163       136       640    0.5638     0.417    0.4127     0.229    0.1345   0.07586   0.01848
   234/299     16.8G    0.1389    0.0586   0.01908    0.2166       137       640    0.5753     0.412    0.4108    0.2283    0.1345   0.07582   0.01847
   235/299     16.8G    0.1388   0.05859   0.01898    0.2164       136       640    0.5761    0.4121    0.4113    0.2287    0.1344   0.07577   0.01842
   236/299     16.8G    0.1378   0.05833   0.01886     0.215       137       640    0.5864    0.4081    0.4124    0.2294    0.1342   0.07571   0.01838
   237/299     16.8G    0.1377   0.05824    0.0188    0.2147       136       640    0.5807    0.4119    0.4125    0.2291    0.1342   0.07565   0.01836
   238/299     16.8G    0.1372   0.05824   0.01878    0.2143       137       640    0.5852    0.4089    0.4128    0.2293    0.1342   0.07565   0.01834
   239/299     16.8G    0.1375   0.05834   0.01883    0.2147       137       640    0.5722    0.4175    0.4133    0.2301    0.1341   0.07564    0.0183
   240/299     16.8G    0.1371   0.05818    0.0187     0.214       137       640    0.5729    0.4173    0.4143    0.2306     0.134   0.07561    0.0183
   241/299     16.8G    0.1364   0.05807   0.01861    0.2131       136       640    0.5749    0.4172    0.4159    0.2316    0.1337   0.07557   0.01829
   242/299     16.8G    0.1369   0.05801   0.01856    0.2134       137       640    0.6043    0.4046    0.4166     0.232    0.1337   0.07554   0.01831
   243/299     16.8G     0.136   0.05784   0.01843    0.2123       137       640    0.5784    0.4161    0.4154    0.2317    0.1337   0.07552   0.01833
   244/299     16.8G    0.1354   0.05774   0.01835    0.2115       137       640    0.5732    0.4171    0.4144    0.2313    0.1338   0.07555   0.01835
   245/299     16.8G    0.1358   0.05778   0.01843     0.212       136       640    0.5813    0.4131    0.4156     0.232    0.1338   0.07555   0.01836
   246/299     16.8G     0.136   0.05775   0.01838    0.2121       137       640    0.5733    0.4191    0.4173    0.2326    0.1339   0.07549   0.01834
   247/299     16.8G    0.1356   0.05776   0.01833    0.2116       137       640     0.571    0.4207    0.4173    0.2325    0.1339   0.07544   0.01834
   248/299     16.8G    0.1351   0.05761   0.01828     0.211       137       640     0.594    0.4096    0.4189    0.2341    0.1338   0.07536   0.01831
   249/299     16.8G    0.1346   0.05741    0.0181    0.2101       137       640    0.5991    0.4087    0.4187    0.2343    0.1337   0.07533   0.01829
   250/299     16.8G    0.1347   0.05742   0.01809    0.2102       137       640    0.5855    0.4137    0.4186    0.2343    0.1336   0.07532   0.01827
   251/299     16.8G    0.1342   0.05737   0.01808    0.2097       137       640    0.5494    0.4333    0.4199    0.2351    0.1335    0.0753   0.01826
   252/299     16.8G    0.1341    0.0574     0.018    0.2095       136       640    0.5674    0.4241    0.4207    0.2354    0.1335   0.07533   0.01823
   253/299     16.8G    0.1338   0.05724   0.01793    0.2089       136       640    0.5742    0.4219     0.421     0.236    0.1335   0.07536   0.01821
   254/299     16.8G    0.1331   0.05716   0.01786    0.2081       137       640    0.5813      0.42      0.42    0.2346    0.1337   0.07543   0.01821
   255/299     16.8G    0.1342    0.0573   0.01792    0.2094       137       640    0.5714    0.4229    0.4204    0.2349    0.1338   0.07545   0.01823
   256/299     16.8G    0.1334   0.05721    0.0179    0.2085       136       640    0.5969    0.4105    0.4203    0.2352    0.1337   0.07544   0.01821
   257/299     16.8G    0.1332   0.05708   0.01782    0.2082       136       640    0.5798    0.4179    0.4212    0.2351    0.1336   0.07542   0.01819
   258/299     16.8G     0.133   0.05702    0.0178    0.2078       137       640    0.5879    0.4143    0.4203    0.2351    0.1335   0.07539   0.01816
   259/299     16.8G    0.1326   0.05693   0.01762    0.2071       137       640     0.582    0.4183    0.4206    0.2347    0.1336   0.07538   0.01814
   260/299     16.8G    0.1327   0.05697   0.01767    0.2074       137       640    0.5687    0.4247    0.4211    0.2349    0.1336   0.07538   0.01815
   261/299     16.8G    0.1323   0.05684   0.01759    0.2067       137       640    0.5665     0.427    0.4217    0.2351    0.1335   0.07536   0.01817
   262/299     16.8G    0.1323   0.05689   0.01758    0.2067       137       640    0.5678    0.4246    0.4213    0.2352    0.1335   0.07538   0.01819
   263/299     16.8G    0.1314    0.0566   0.01739    0.2054       137       640    0.5813    0.4197    0.4211    0.2353    0.1336   0.07538   0.01818
   264/299     16.8G    0.1318   0.05673   0.01749     0.206       136       640    0.5901    0.4173    0.4216    0.2359    0.1337   0.07539   0.01817
   265/299     16.8G    0.1318   0.05668   0.01746    0.2059       137       640    0.5835    0.4185    0.4216    0.2354    0.1339   0.07541   0.01818
   266/299     16.8G    0.1315   0.05656   0.01734    0.2054       137       640    0.5971    0.4136    0.4212     0.236     0.134   0.07544   0.01817
   267/299     16.8G    0.1312   0.05651   0.01731     0.205       136       640    0.5773    0.4207    0.4208    0.2366    0.1338   0.07543   0.01816
   268/299     16.8G    0.1309   0.05646   0.01733    0.2047       136       640    0.5857     0.418    0.4214    0.2367    0.1338   0.07541   0.01815
   269/299     16.8G     0.131   0.05646   0.01726    0.2047       136       640    0.5725    0.4246    0.4206    0.2364    0.1338   0.07543   0.01817
   270/299     16.8G    0.1306    0.0564   0.01722    0.2042       136       640    0.5793    0.4222    0.4216    0.2367    0.1337   0.07541   0.01816
   271/299     16.8G    0.1307   0.05637   0.01723    0.2043       137       640    0.5588    0.4337    0.4222    0.2369    0.1335   0.07537   0.01811
   272/299     16.8G    0.1302   0.05627   0.01713    0.2036       136       640    0.5509    0.4386    0.4229    0.2366    0.1334   0.07534   0.01811
   273/299     16.8G      0.13   0.05618   0.01705    0.2032       136       640    0.5697     0.431    0.4234    0.2369    0.1334   0.07533    0.0181
   274/299     16.8G    0.1301   0.05616   0.01707    0.2033       137       640    0.5887    0.4215    0.4235    0.2371    0.1332    0.0753   0.01806
   275/299     16.8G    0.1292   0.05594   0.01687    0.2021       137       640    0.5775    0.4263    0.4233    0.2373    0.1332   0.07527   0.01804
   276/299     16.8G    0.1295   0.05607   0.01695    0.2025       137       640    0.5864    0.4211    0.4229     0.237    0.1332   0.07524   0.01802
   277/299     16.8G    0.1298    0.0562   0.01703    0.2031       137       640    0.5898    0.4196    0.4229    0.2372    0.1331   0.07524     0.018
   278/299     16.8G    0.1293   0.05594   0.01693    0.2022       137       640    0.5982    0.4158    0.4224    0.2371     0.133   0.07521   0.01797
   279/299     16.8G    0.1296   0.05601   0.01695    0.2026       137       640    0.5842    0.4214    0.4226    0.2377     0.133   0.07525   0.01796
   280/299     16.8G    0.1294   0.05596   0.01689    0.2023       136       640    0.5846    0.4212    0.4232    0.2381     0.133   0.07526   0.01794
   281/299     16.8G    0.1293   0.05594   0.01686    0.2021       137       640    0.5835    0.4233    0.4237    0.2383    0.1331   0.07527   0.01794
   282/299     16.8G    0.1285   0.05579   0.01677     0.201       137       640    0.5776    0.4253    0.4232    0.2382     0.133   0.07524   0.01794
   283/299     16.8G    0.1282   0.05566   0.01665    0.2005       137       640    0.5762    0.4266    0.4233    0.2383     0.133   0.07522   0.01794
   284/299     16.8G     0.128   0.05569   0.01667    0.2003       135       640     0.579    0.4252    0.4233    0.2382    0.1331   0.07524   0.01794
   285/299     16.8G     0.129   0.05584   0.01677    0.2016       137       640     0.583    0.4234     0.423    0.2381    0.1331   0.07526   0.01794
   286/299     16.8G    0.1284   0.05576   0.01668    0.2009       136       640    0.5753    0.4269    0.4221    0.2374    0.1332   0.07529   0.01795
   287/299     16.8G    0.1287   0.05583   0.01675    0.2013       137       640    0.5657    0.4321    0.4233    0.2381    0.1333   0.07531   0.01797
   288/299     16.8G    0.1284   0.05571   0.01666    0.2008       136       640    0.5657    0.4332    0.4229    0.2378    0.1333    0.0753   0.01796
   289/299     16.8G    0.1286   0.05567    0.0166    0.2008       137       640    0.5634    0.4347     0.425    0.2389    0.1333   0.07529   0.01795
   290/299     16.8G    0.1279   0.05555   0.01653       0.2       136       640    0.5786    0.4263    0.4243    0.2381    0.1333   0.07529   0.01796
   291/299     16.8G    0.1279   0.05565   0.01665    0.2002       137       640    0.5842    0.4244    0.4246     0.238    0.1334   0.07526   0.01799
   292/299     16.8G    0.1276   0.05553   0.01651    0.1997       137       640    0.6163    0.4103    0.4252    0.2386    0.1335   0.07526   0.01803
   293/299     16.8G    0.1281   0.05562   0.01663    0.2004       136       640    0.5966    0.4191    0.4256     0.239    0.1335   0.07525   0.01804
   294/299     16.8G    0.1282   0.05557   0.01661    0.2004       137       640    0.5983    0.4174    0.4248     0.238    0.1335   0.07527   0.01804
   295/299     16.8G    0.1275   0.05547   0.01648    0.1995       136       640    0.5923    0.4194     0.425     0.239    0.1334   0.07527   0.01804
   296/299     16.8G    0.1275   0.05558   0.01655    0.1996       137       640    0.5904    0.4197    0.4241    0.2385    0.1334   0.07526   0.01805
   297/299     16.8G    0.1277   0.05552   0.01652    0.1998       137       640    0.5782    0.4254    0.4246    0.2385    0.1334   0.07525   0.01806
   298/299     16.8G    0.1277   0.05555   0.01649    0.1998       137       640     0.579    0.4252     0.423    0.2378    0.1333   0.07526   0.01805
   299/299     16.8G     0.128   0.05556   0.01654    0.2001       137       640    0.5778    0.4259    0.4228    0.2377    0.1334   0.07529   0.01805
