     0/299     6.26G    0.3452     0.107   0.08296    0.5352       178       640   0.01701  0.009094  0.003339 0.0009662    0.2906    0.1244   0.07675
     1/299     13.1G    0.2755   0.09465   0.07346    0.4436       177       640   0.06635   0.03147   0.01344  0.004701    0.2683    0.1185   0.06908
     2/299     13.1G    0.2649   0.09241   0.06714    0.4244       178       640   0.06942    0.0618    0.0266   0.01036    0.2454    0.1133   0.06096
     3/299     13.1G    0.2541   0.09005   0.06078     0.405       178       640    0.1791   0.09351    0.0446   0.01869    0.2325    0.1098   0.05497
     4/299     13.1G    0.2435   0.08764   0.05669    0.3878       178       640    0.1619    0.1205   0.06017   0.02603    0.2248    0.1072    0.0516
     5/299     13.1G    0.2374   0.08611   0.05401    0.3776       178       640    0.1722    0.1481   0.07481   0.03293    0.2178    0.1053   0.04901
     6/299     13.1G    0.2331   0.08496   0.05209    0.3701       178       640    0.1983    0.1559   0.08623   0.03838    0.2139    0.1039    0.0473
     7/299     13.1G    0.2302    0.0841   0.05058    0.3649       178       640    0.1757    0.1788   0.09249   0.04167    0.2113    0.1031   0.04614
     8/299     13.1G    0.2272   0.08327   0.04925    0.3598       177       640    0.2323    0.1652   0.09914   0.04464    0.2089    0.1025   0.04527
     9/299     13.1G     0.225   0.08271   0.04814    0.3559       178       640    0.1979    0.1832    0.1031   0.04704    0.2073    0.1019   0.04459
    10/299     13.1G    0.2232   0.08213   0.04708    0.3524       178       640    0.2496    0.1698    0.1064   0.04891    0.2061    0.1015   0.04406
    11/299     13.1G    0.2212   0.08163   0.04622    0.3491       178       640    0.2387    0.1812    0.1097   0.05076     0.205    0.1012    0.0436
    12/299     13.1G    0.2193    0.0812   0.04549     0.346       178       640    0.2399    0.1864    0.1127   0.05222    0.2041    0.1009    0.0432
    13/299     13.1G    0.2185   0.08085   0.04475    0.3441       178       640    0.2729    0.1762    0.1144   0.05348    0.2034    0.1007   0.04285
    14/299     13.1G    0.2172   0.08054   0.04414    0.3419       177       640     0.234    0.1924    0.1166   0.05444    0.2027    0.1005   0.04251
    15/299     13.1G    0.2162   0.08015   0.04358    0.3399       178       640    0.2421    0.1916     0.118    0.0555     0.202    0.1004   0.04219
    16/299     13.1G    0.2153   0.07992   0.04308    0.3383       178       640     0.289    0.1802    0.1199   0.05642    0.2014    0.1003   0.04185
    17/299     13.1G    0.2145    0.0797   0.04259    0.3367       177       640      0.29    0.1831    0.1215   0.05743    0.2008    0.1002    0.0415
    18/299     13.1G    0.2135   0.07941   0.04221    0.3352       178       640    0.2519    0.1976    0.1238   0.05855    0.2001    0.1001   0.04114
    19/299     13.1G    0.2124   0.07914   0.04175    0.3333       177       640     0.272    0.1983    0.1263    0.0598    0.1994   0.09994   0.04076
    20/299     13.1G    0.2119   0.07891   0.04136    0.3322       178       640    0.2649    0.2026    0.1288   0.06148    0.1986   0.09979   0.04035
    21/299     13.1G    0.2111   0.07874   0.04103    0.3309       178       640    0.2734    0.2045    0.1319   0.06301    0.1978   0.09962   0.03992
    22/299     13.1G    0.2109   0.07867    0.0408    0.3304       176       640    0.3144     0.197    0.1347   0.06449     0.197   0.09949   0.03949
    23/299     13.1G    0.2103   0.07844   0.04056    0.3293       178       640    0.2915    0.2068    0.1386   0.06642    0.1961    0.0993   0.03905
    24/299     13.1G    0.2096   0.07829   0.04031    0.3282       178       640    0.2927    0.2108     0.142   0.06825    0.1953   0.09914   0.03862
    25/299     13.1G    0.2088   0.07808   0.03995    0.3268       178       640    0.3227    0.2085    0.1459   0.07045    0.1945    0.0989   0.03818
    26/299     13.1G    0.2083   0.07791   0.03971     0.326       177       640    0.3162    0.2157    0.1495   0.07224    0.1937   0.09861   0.03774
    27/299     13.1G     0.208   0.07783    0.0395    0.3253       178       640    0.3156    0.2223    0.1534   0.07421    0.1928   0.09827   0.03733
    28/299     13.1G    0.2073   0.07771   0.03931    0.3243       177       640     0.315     0.221    0.1575   0.07614     0.192   0.09796    0.0369
    29/299     13.1G    0.2072   0.07755   0.03905    0.3238       177       640    0.3394    0.2191    0.1619   0.07833    0.1912   0.09759   0.03648
    30/299     13.1G    0.2067   0.07739   0.03881    0.3229       177       640    0.3086    0.2371    0.1667   0.08015    0.1904   0.09724   0.03607
    31/299     13.1G    0.2063   0.07733   0.03872    0.3223       176       640    0.3187    0.2367    0.1704   0.08225    0.1896    0.0969   0.03568
    32/299     13.1G    0.2058   0.07718   0.03848    0.3214       178       640    0.3354    0.2335    0.1736   0.08398    0.1888   0.09655   0.03532
    33/299     13.1G    0.2058   0.07716   0.03836    0.3213       178       640    0.3413    0.2347    0.1776   0.08577    0.1881   0.09623   0.03498
    34/299     13.1G    0.2051   0.07696   0.03817    0.3203       178       640    0.3471    0.2353    0.1814    0.0877    0.1872   0.09589   0.03464
    35/299     13.1G    0.2046   0.07691   0.03799    0.3195       178       640    0.3508    0.2381    0.1855   0.08952    0.1866   0.09558   0.03433
    36/299     13.1G    0.2047   0.07681   0.03786    0.3194       177       640    0.3241    0.2529    0.1892   0.09119     0.186   0.09529   0.03404
    37/299     13.1G    0.2047    0.0768   0.03772    0.3192       178       640    0.3394     0.249    0.1924   0.09275    0.1855   0.09503   0.03378
    38/299     13.1G     0.204   0.07664   0.03754    0.3182       178       640    0.3656    0.2411    0.1959    0.0942    0.1851   0.09475   0.03353
    39/299     13.1G    0.2037   0.07659   0.03747    0.3178       178       640    0.3666     0.243    0.1995   0.09592    0.1845   0.09447   0.03327
    40/299     13.1G    0.2035   0.07648   0.03732    0.3173       178       640    0.3602    0.2501    0.2022    0.0975    0.1841   0.09422   0.03304
    41/299     13.1G    0.2032   0.07644   0.03725    0.3169       178       640     0.347    0.2582    0.2048   0.09855    0.1836   0.09397   0.03279
    42/299     13.1G    0.2028   0.07621   0.03697     0.316       178       640    0.3627    0.2563    0.2079   0.09972    0.1831   0.09372   0.03257
    43/299     13.1G    0.2024    0.0762   0.03684    0.3154       178       640    0.3595    0.2605    0.2103    0.1005    0.1827    0.0935   0.03236
    44/299     13.1G    0.2022   0.07616    0.0368    0.3152       178       640    0.3656    0.2606    0.2129    0.1018    0.1823   0.09331   0.03217
    45/299     13.1G     0.202   0.07613   0.03677    0.3149       177       640    0.3502    0.2702    0.2158     0.103    0.1818   0.09312   0.03198
    46/299     13.1G     0.202   0.07609   0.03671    0.3148       178       640    0.3701    0.2634    0.2172     0.104    0.1814   0.09291   0.03182
    47/299     13.1G    0.2018   0.07595   0.03648    0.3143       178       640    0.3678    0.2658    0.2184    0.1049    0.1811   0.09275   0.03165
    48/299     13.1G    0.2015   0.07591   0.03641    0.3138       177       640     0.367    0.2681    0.2203    0.1058    0.1808    0.0926   0.03149
    49/299     13.1G    0.2007   0.07578   0.03618    0.3126       178       640    0.3832    0.2633    0.2222    0.1066    0.1805   0.09247   0.03134
    50/299     13.1G    0.2009   0.07577    0.0362    0.3128       178       640    0.3788    0.2657    0.2242    0.1072    0.1803   0.09234   0.03119
    51/299     13.1G    0.2011   0.07571   0.03608    0.3129       178       640    0.3769    0.2675    0.2264    0.1081    0.1799    0.0922   0.03104
    52/299     13.1G    0.2007   0.07572     0.036    0.3124       178       640    0.4111    0.2557    0.2276    0.1086    0.1797   0.09209   0.03091
    53/299     13.1G    0.2003   0.07554   0.03586    0.3117       177       640    0.3953    0.2643    0.2295    0.1097    0.1794   0.09196   0.03077
    54/299     13.1G    0.1999   0.07558   0.03581    0.3112       178       640    0.3991    0.2634    0.2307    0.1104    0.1791   0.09183   0.03065
    55/299     13.1G    0.1997   0.07549   0.03575    0.3109       178       640    0.3786    0.2736    0.2318    0.1111    0.1789    0.0917   0.03052
    56/299     13.1G    0.1996   0.07534   0.03561    0.3106       178       640     0.366    0.2839    0.2337     0.112    0.1786   0.09158   0.03039
    57/299     13.1G    0.1996   0.07538   0.03565    0.3107       178       640    0.3754    0.2796    0.2346    0.1126    0.1783   0.09147   0.03028
    58/299     13.1G    0.1993   0.07531   0.03555    0.3102       178       640    0.4112    0.2661    0.2359    0.1133    0.1782   0.09142   0.03019
    59/299     13.1G    0.1988   0.07519   0.03537    0.3094       177       640    0.4037    0.2698    0.2367    0.1139     0.178   0.09135   0.03008
    60/299     13.1G     0.199   0.07522   0.03536    0.3096       178       640    0.3875    0.2757    0.2379    0.1145    0.1776   0.09125   0.02998
    61/299     13.1G    0.1991   0.07513   0.03522    0.3094       178       640    0.3544    0.2959    0.2399    0.1154    0.1774   0.09115   0.02987
    62/299     13.1G    0.1985   0.07507   0.03517    0.3087       178       640    0.3607    0.2951    0.2414    0.1161    0.1771   0.09105   0.02976
    63/299     13.1G    0.1983     0.075    0.0351    0.3084       178       640    0.3676    0.2928    0.2425    0.1168     0.177   0.09097   0.02965
    64/299     13.1G    0.1983   0.07504   0.03506    0.3084       177       640    0.3746    0.2893    0.2432    0.1171    0.1767   0.09089   0.02956
    65/299     13.1G    0.1982   0.07495   0.03491     0.308       178       640    0.3981    0.2798    0.2443    0.1177    0.1765   0.09082   0.02946
    66/299     13.1G     0.198   0.07496   0.03489    0.3078       178       640    0.3937    0.2831    0.2454    0.1182    0.1764   0.09076   0.02937
    67/299     13.1G    0.1979   0.07489    0.0348    0.3076       177       640    0.4052    0.2805    0.2467    0.1189    0.1762   0.09069   0.02928
    68/299     13.1G    0.1978   0.07486   0.03483    0.3075       178       640     0.388    0.2889    0.2481    0.1195    0.1761   0.09063   0.02919
    69/299     13.1G    0.1973   0.07475   0.03469    0.3068       177       640    0.4007     0.284    0.2486    0.1196     0.176   0.09057    0.0291
    70/299     13.1G     0.197   0.07459   0.03459    0.3062       178       640    0.4399    0.2752    0.2496    0.1198    0.1758   0.09052   0.02902
    71/299     13.1G    0.1967   0.07462   0.03445    0.3058       177       640     0.438    0.2766    0.2503    0.1206    0.1757   0.09045   0.02893
    72/299     13.1G    0.1967   0.07457   0.03447    0.3058       177       640    0.4169    0.2844     0.252    0.1212    0.1756   0.09039   0.02884
    73/299     13.1G    0.1967   0.07457   0.03446    0.3057       177       640    0.4037    0.2897    0.2532    0.1218    0.1755   0.09035   0.02877
    74/299     13.1G    0.1964   0.07454   0.03436    0.3053       178       640    0.4053    0.2927    0.2548    0.1225    0.1753   0.09028    0.0287
    75/299     13.1G    0.1964   0.07445   0.03428    0.3051       178       640    0.4066     0.291    0.2553    0.1231    0.1752    0.0902   0.02862
    76/299     13.1G    0.1964   0.07443   0.03422     0.305       178       640    0.4028    0.2929    0.2559    0.1236    0.1751   0.09013   0.02855
    77/299     13.1G    0.1957   0.07426   0.03408     0.304       178       640    0.4307    0.2797    0.2568    0.1242     0.175   0.09007   0.02849
    78/299     13.1G     0.196   0.07436   0.03417    0.3046       177       640    0.4068    0.2902    0.2577    0.1243     0.175   0.09005   0.02845
    79/299     13.1G    0.1959   0.07433   0.03413    0.3044       177       640    0.4218     0.284    0.2587    0.1246    0.1749   0.09002    0.0284
    80/299     13.1G    0.1958    0.0742   0.03401     0.304       178       640    0.4453    0.2808    0.2593    0.1253    0.1748   0.08997   0.02834
    81/299     13.1G    0.1959   0.07429   0.03404    0.3043       178       640    0.4492    0.2801    0.2603    0.1256    0.1746   0.08993   0.02829
    82/299     13.1G    0.1955   0.07421   0.03393    0.3037       177       640    0.4528    0.2797    0.2606    0.1257    0.1746    0.0899   0.02824
    83/299     13.1G    0.1954   0.07412   0.03385    0.3034       177       640    0.4558    0.2793    0.2606    0.1258    0.1745   0.08987   0.02821
    84/299     13.1G    0.1952    0.0741   0.03386    0.3032       178       640     0.449    0.2806    0.2613    0.1262    0.1744   0.08982   0.02817
    85/299     13.1G    0.1948     0.074   0.03369    0.3025       178       640    0.4365     0.284    0.2615    0.1264    0.1743   0.08978   0.02811
    86/299     13.1G    0.1944   0.07396   0.03359     0.302       178       640    0.4268      0.29    0.2622    0.1266    0.1741   0.08972   0.02805
    87/299     13.1G    0.1944   0.07397   0.03364    0.3021       178       640    0.4232     0.291    0.2629    0.1273    0.1741   0.08968   0.02801
    88/299     13.1G    0.1949     0.074   0.03364    0.3025       178       640    0.4111    0.2969    0.2635    0.1273     0.174   0.08964   0.02795
    89/299     13.1G    0.1943   0.07392   0.03357    0.3018       178       640    0.4233    0.2913    0.2632    0.1274    0.1738   0.08959    0.0279
    90/299     13.1G    0.1941   0.07387   0.03347    0.3014       178       640    0.4261     0.291    0.2637    0.1278    0.1735   0.08954   0.02782
    91/299     13.1G    0.1942   0.07382   0.03341    0.3014       176       640    0.4314    0.2898    0.2642    0.1281    0.1733   0.08949   0.02777
    92/299     13.1G    0.1939   0.07378   0.03337     0.301       178       640    0.4359    0.2882    0.2646    0.1284    0.1731   0.08945   0.02771
    93/299     13.1G    0.1935   0.07365   0.03327    0.3005       177       640    0.4343    0.2878    0.2649    0.1286     0.173    0.0894   0.02765
    94/299     13.1G    0.1937   0.07375   0.03327    0.3007       177       640    0.4436     0.285    0.2648    0.1287    0.1729   0.08935   0.02761
    95/299     13.1G    0.1929   0.07357   0.03309    0.2996       177       640    0.4322    0.2903    0.2658     0.129    0.1727    0.0893   0.02754
    96/299     13.1G     0.193    0.0735   0.03301    0.2995       178       640    0.4196    0.2958    0.2663    0.1293    0.1725   0.08929   0.02749
    97/299     13.1G    0.1929   0.07355   0.03304    0.2995       178       640     0.445    0.2879    0.2671    0.1298    0.1723   0.08925   0.02744
    98/299     13.1G    0.1931    0.0735   0.03308    0.2996       177       640    0.4273     0.294    0.2671    0.1301    0.1721   0.08922   0.02738
    99/299     13.1G     0.193   0.07349   0.03295    0.2994       178       640    0.4445    0.2895    0.2687    0.1304     0.172   0.08919   0.02734
   100/299     13.1G    0.1933   0.07346   0.03294    0.2998       178       640    0.4527    0.2872    0.2696     0.131     0.172   0.08915   0.02729
   101/299     13.1G    0.1928   0.07347   0.03287    0.2991       176       640    0.4587    0.2869    0.2704    0.1313    0.1719   0.08912   0.02725
   102/299     13.1G    0.1918   0.07332   0.03275    0.2979       178       640    0.4459    0.2922    0.2707    0.1317    0.1718   0.08909   0.02721
   103/299     13.1G    0.1922    0.0733   0.03271    0.2982       178       640    0.4634    0.2842    0.2709    0.1318    0.1717   0.08905   0.02717
   104/299     13.1G    0.1921    0.0733   0.03265    0.2981       178       640    0.4697    0.2823    0.2715    0.1322    0.1716   0.08898   0.02714
   105/299     13.1G    0.1921   0.07324    0.0327     0.298       178       640    0.4568    0.2868    0.2722    0.1323    0.1714   0.08893   0.02708
   106/299     13.1G    0.1919   0.07324   0.03265    0.2978       178       640    0.4243    0.3014    0.2723    0.1326    0.1714   0.08885   0.02703
   107/299     13.1G    0.1915   0.07307   0.03254    0.2971       178       640      0.42    0.3047     0.273     0.133    0.1713   0.08881     0.027
   108/299     13.1G    0.1915   0.07306   0.03246     0.297       178       640    0.4327    0.2983    0.2733    0.1335    0.1712   0.08875   0.02694
   109/299     13.1G    0.1917   0.07309   0.03247    0.2972       177       640    0.4232     0.303    0.2734    0.1338    0.1712   0.08873   0.02691
   110/299     13.1G    0.1908     0.073   0.03246    0.2962       178       640    0.4391    0.2981    0.2749    0.1342    0.1711   0.08869   0.02689
   111/299     13.1G    0.1909   0.07296   0.03236    0.2962       177       640    0.4263     0.305    0.2753    0.1345    0.1712   0.08867   0.02686
   112/299     13.1G    0.1908   0.07291   0.03225     0.296       178       640    0.4491    0.2954    0.2759    0.1351    0.1711   0.08864   0.02682
   113/299     13.1G    0.1911   0.07291   0.03229    0.2963       178       640    0.4377    0.3003    0.2763    0.1354    0.1709   0.08863    0.0268
   114/299     13.1G    0.1909   0.07289   0.03227    0.2961       178       640    0.4255     0.306     0.276    0.1355    0.1708    0.0886   0.02677
   115/299     13.1G    0.1907   0.07283   0.03212    0.2956       178       640    0.4443    0.2984    0.2769    0.1359    0.1708   0.08857   0.02674
   116/299     13.1G    0.1904   0.07277   0.03204    0.2952       177       640    0.4462    0.2991    0.2778    0.1363    0.1707   0.08852   0.02668
   117/299     13.1G    0.1904   0.07283   0.03211    0.2953       178       640    0.4577    0.2964     0.278    0.1361    0.1705   0.08847   0.02665
   118/299     13.1G    0.1901   0.07272     0.032    0.2948       176       640    0.4383    0.3032    0.2781    0.1363    0.1704   0.08844   0.02662
   119/299     13.1G    0.1894   0.07267   0.03196    0.2941       178       640    0.4573    0.2947    0.2782    0.1363    0.1703    0.0884    0.0266
   120/299     13.1G    0.1895   0.07253   0.03182    0.2939       178       640    0.4353    0.3047    0.2788    0.1366    0.1702   0.08835   0.02656
   121/299     13.1G      0.19   0.07267   0.03189    0.2945       178       640    0.4137    0.3135    0.2792    0.1368      0.17   0.08831   0.02652
   122/299     13.1G    0.1896   0.07255   0.03175    0.2939       178       640    0.4466    0.2988    0.2794    0.1368    0.1698   0.08828   0.02647
   123/299     13.1G    0.1892    0.0725   0.03174    0.2935       177       640    0.4387    0.3024    0.2799    0.1372    0.1697   0.08823   0.02643
   124/299     13.1G     0.189   0.07246   0.03166    0.2931       178       640    0.4447    0.3018    0.2805    0.1374    0.1697   0.08821   0.02641
   125/299     13.1G     0.189   0.07249   0.03171    0.2932       178       640    0.4412    0.3044    0.2807    0.1375    0.1697   0.08819   0.02638
   126/299     13.1G    0.1887   0.07228    0.0315    0.2925       178       640    0.4741    0.2931    0.2816     0.138    0.1695   0.08817   0.02634
   127/299     13.1G    0.1885   0.07232    0.0315    0.2923       178       640     0.456    0.3012    0.2822    0.1382    0.1694   0.08813    0.0263
   128/299     13.1G    0.1884   0.07223   0.03141     0.292       178       640     0.444     0.308    0.2837    0.1385    0.1693   0.08808   0.02625
   129/299     13.1G     0.189    0.0723   0.03149    0.2928       178       640    0.4452     0.309    0.2842    0.1388    0.1693   0.08803   0.02622
   130/299     13.1G    0.1878   0.07208   0.03129    0.2912       178       640    0.4717    0.2985    0.2842    0.1388    0.1692   0.08802   0.02617
   131/299     13.1G     0.188   0.07217   0.03127    0.2914       177       640    0.4595    0.3055    0.2854    0.1396     0.169   0.08796   0.02613
   132/299     13.1G    0.1878   0.07208   0.03124    0.2911       178       640    0.4695     0.302    0.2862    0.1396    0.1689   0.08793    0.0261
   133/299     13.1G    0.1881   0.07203    0.0312    0.2913       178       640     0.453    0.3098    0.2866      0.14    0.1689    0.0879   0.02609
   134/299     13.1G    0.1876    0.0721   0.03121    0.2909       178       640    0.4511      0.31    0.2872    0.1401    0.1688   0.08786   0.02606
   135/299     13.1G    0.1872   0.07194    0.0311    0.2903       178       640    0.4589    0.3044    0.2871    0.1406    0.1687   0.08783   0.02604
   136/299     13.1G    0.1871   0.07191    0.0311    0.2901       177       640    0.4491    0.3097    0.2873    0.1411    0.1685    0.0878   0.02602
   137/299     13.1G    0.1875   0.07193    0.0311    0.2905       178       640    0.4378    0.3143    0.2867    0.1412    0.1685   0.08778   0.02601
   138/299     13.1G    0.1868   0.07187   0.03104    0.2897       178       640    0.4444    0.3108    0.2867    0.1413    0.1683   0.08775   0.02597
   139/299     13.1G    0.1868   0.07185   0.03089    0.2896       178       640    0.4406    0.3127    0.2869    0.1412    0.1682   0.08771   0.02592
   140/299     13.1G    0.1867   0.07185    0.0309    0.2894       178       640    0.4508    0.3084    0.2876    0.1418     0.168   0.08765   0.02588
   141/299     13.1G    0.1864   0.07174   0.03084     0.289       178       640    0.4675    0.3025    0.2879    0.1419    0.1678   0.08762   0.02585
   142/299     13.1G    0.1867   0.07171   0.03088    0.2893       177       640     0.455    0.3093    0.2886    0.1421    0.1678   0.08758   0.02582
   143/299     13.1G    0.1863   0.07163   0.03071    0.2886       178       640    0.4574    0.3087    0.2895    0.1429    0.1677   0.08753   0.02579
   144/299     13.1G    0.1858   0.07155    0.0307     0.288       178       640    0.4831    0.2998    0.2904     0.143    0.1675   0.08749   0.02577
   145/299     13.1G    0.1856   0.07152   0.03065    0.2878       177       640    0.4801     0.302    0.2912    0.1436    0.1674   0.08742   0.02574
   146/299     13.1G    0.1859   0.07152    0.0305    0.2879       177       640    0.4788    0.3026    0.2916    0.1435    0.1673   0.08736   0.02571
   147/299     13.1G    0.1854    0.0715   0.03051    0.2875       178       640    0.4527    0.3122    0.2912    0.1437    0.1671    0.0873   0.02569
   148/299     13.1G     0.185   0.07142   0.03044    0.2868       177       640     0.473    0.3037    0.2916    0.1439     0.167   0.08726    0.0257
   149/299     13.1G    0.1851   0.07137   0.03035    0.2868       177       640    0.4723    0.3045    0.2919    0.1441    0.1669   0.08724   0.02568
   150/299     13.1G     0.185   0.07143   0.03043    0.2868       178       640    0.4805     0.304    0.2923     0.144    0.1669   0.08722   0.02565
   151/299     13.1G    0.1847   0.07133   0.03033    0.2864       177       640    0.4771    0.3047    0.2929    0.1444    0.1668   0.08722   0.02562
   152/299     13.1G    0.1844   0.07123   0.03023    0.2859       176       640    0.4713     0.307    0.2933    0.1445    0.1667   0.08718   0.02557
   153/299     13.1G    0.1844   0.07125    0.0302    0.2858       177       640     0.465    0.3106    0.2939    0.1448    0.1665   0.08715   0.02555
   154/299     13.1G    0.1846   0.07125   0.03024    0.2861       178       640    0.4756    0.3076    0.2942    0.1451    0.1665   0.08712   0.02552
   155/299     13.1G    0.1843   0.07121   0.03016    0.2856       178       640    0.4818    0.3071    0.2946    0.1455    0.1664   0.08711   0.02548
   156/299     13.1G    0.1839   0.07114      0.03    0.2851       178       640    0.4882    0.3073    0.2955    0.1458    0.1661   0.08706   0.02543
   157/299     13.1G    0.1837   0.07101   0.02995    0.2847       177       640    0.4927    0.3052    0.2955    0.1458     0.166   0.08699   0.02538
   158/299     13.1G    0.1836   0.07099   0.02994    0.2845       178       640    0.4504    0.3205    0.2957    0.1459    0.1659   0.08694   0.02537
   159/299     13.1G    0.1836   0.07098    0.0299    0.2845       178       640    0.4701    0.3139    0.2959    0.1461    0.1658    0.0869   0.02533
   160/299     13.1G    0.1833   0.07096   0.02988    0.2841       178       640    0.4816    0.3098    0.2958    0.1463    0.1659   0.08689   0.02531
   161/299     13.1G    0.1825   0.07079   0.02975    0.2831       178       640    0.4761     0.313    0.2971    0.1466    0.1658   0.08685   0.02528
   162/299     13.1G    0.1829   0.07083   0.02979    0.2835       177       640     0.459    0.3201    0.2971    0.1469    0.1658   0.08681   0.02524
   163/299     13.1G    0.1827   0.07079    0.0297    0.2832       178       640    0.4584    0.3208    0.2975    0.1468    0.1657    0.0868   0.02521
   164/299     13.1G    0.1826   0.07077   0.02961     0.283       178       640    0.4702    0.3158    0.2982    0.1472    0.1657   0.08676   0.02518
   165/299     13.1G    0.1827   0.07077   0.02966    0.2831       178       640    0.4857    0.3108    0.2984    0.1474    0.1656   0.08673   0.02514
   166/299     13.1G    0.1825    0.0707   0.02953    0.2828       178       640    0.4616    0.3198    0.2994    0.1477    0.1655   0.08668    0.0251
   167/299     13.1G    0.1813   0.07062   0.02944    0.2814       178       640    0.4706    0.3166    0.3002    0.1481    0.1653   0.08663   0.02506
   168/299     13.1G     0.182   0.07056    0.0294     0.282       178       640    0.4837    0.3123    0.3007    0.1485    0.1653   0.08661   0.02503
   169/299     13.1G    0.1815   0.07054   0.02933    0.2813       178       640    0.4663    0.3222    0.3013    0.1485    0.1652   0.08657   0.02499
   170/299     13.1G    0.1813   0.07047   0.02927    0.2811       177       640    0.4655    0.3232     0.302     0.149    0.1651   0.08653   0.02495
   171/299     13.1G     0.181   0.07038   0.02925    0.2807       177       640    0.4607    0.3269    0.3032    0.1497    0.1649   0.08648   0.02489
   172/299     13.1G     0.181   0.07033   0.02914    0.2805       178       640    0.4551    0.3285    0.3027    0.1497    0.1649   0.08646   0.02487
   173/299     13.1G     0.181   0.07037   0.02913    0.2805       178       640    0.4645    0.3245    0.3027    0.1499    0.1648   0.08644   0.02486
   174/299     13.1G    0.1805   0.07022   0.02899    0.2797       178       640    0.4656    0.3242    0.3029    0.1498    0.1648    0.0864   0.02483
   175/299     13.1G    0.1805   0.07024   0.02906    0.2798       178       640    0.4639     0.326    0.3034    0.1502    0.1648   0.08637    0.0248
   176/299     13.1G    0.1803   0.07026   0.02896    0.2795       178       640    0.4538    0.3302    0.3039    0.1504    0.1647   0.08634   0.02476
   177/299     13.1G      0.18    0.0701   0.02893    0.2791       178       640    0.4772    0.3208     0.304    0.1506    0.1646   0.08631   0.02474
   178/299     13.1G    0.1805   0.07013   0.02893    0.2795       178       640    0.4597    0.3297    0.3039    0.1508    0.1646   0.08628   0.02473
   179/299     13.1G    0.1798   0.06999   0.02879    0.2786       178       640    0.4612    0.3289    0.3044    0.1511    0.1645   0.08625   0.02471
   180/299     13.1G    0.1796   0.06991   0.02874    0.2782       178       640    0.4664    0.3264    0.3046    0.1515    0.1644   0.08622   0.02469
   181/299     13.1G    0.1794   0.06997    0.0287    0.2781       178       640    0.4732    0.3248    0.3046    0.1515    0.1644   0.08619   0.02466
   182/299     13.1G    0.1793   0.06996   0.02869     0.278       177       640    0.4853    0.3219    0.3061    0.1521    0.1643   0.08616   0.02463
   183/299     13.1G     0.179   0.06988   0.02858    0.2775       178       640    0.4681    0.3301    0.3056    0.1522    0.1643   0.08614   0.02461
   184/299     13.1G    0.1789   0.06981   0.02855    0.2772       178       640    0.4652    0.3333    0.3063    0.1522    0.1642   0.08611   0.02457
   185/299     13.1G    0.1788   0.06978   0.02852    0.2771       178       640    0.4674    0.3321    0.3069    0.1525    0.1641   0.08608   0.02454
   186/299     13.1G    0.1788   0.06983   0.02854    0.2772       178       640    0.4678    0.3307     0.306    0.1528     0.164   0.08604   0.02452
   187/299     13.1G    0.1777   0.06964   0.02835    0.2757       178       640     0.456    0.3366    0.3065    0.1531     0.164   0.08602   0.02449
   188/299     13.1G    0.1787   0.06967   0.02843    0.2768       177       640    0.4588    0.3355    0.3079    0.1536    0.1639   0.08599   0.02445
   189/299     13.1G    0.1779   0.06958   0.02827    0.2758       178       640    0.4668    0.3324    0.3088    0.1539    0.1638   0.08594   0.02443
   190/299     13.1G    0.1778   0.06955   0.02827    0.2757       178       640    0.5009     0.318    0.3086    0.1539    0.1636   0.08591   0.02442
   191/299     13.1G    0.1775   0.06944   0.02816    0.2751       177       640    0.4749    0.3295    0.3094    0.1543    0.1634   0.08589   0.02442
   192/299     13.1G     0.177   0.06941   0.02809    0.2745       178       640    0.4715    0.3314    0.3096    0.1544    0.1633   0.08584   0.02439
   193/299     13.1G    0.1769    0.0694   0.02806    0.2743       178       640    0.4928     0.323      0.31    0.1546    0.1631    0.0858   0.02436
   194/299     13.1G    0.1767   0.06927   0.02799     0.274       177       640    0.4833    0.3262    0.3108     0.155     0.163   0.08576   0.02434
   195/299     13.1G    0.1768   0.06927   0.02798    0.2741       177       640    0.4815    0.3273    0.3109    0.1554    0.1628   0.08569    0.0243
   196/299     13.1G    0.1767   0.06921    0.0279    0.2738       176       640    0.4968    0.3214    0.3113    0.1559    0.1626   0.08563   0.02427
   197/299     13.1G    0.1766   0.06928   0.02789    0.2737       178       640    0.4685    0.3324    0.3126    0.1563    0.1625   0.08559   0.02424
   198/299     13.1G    0.1765   0.06918   0.02782    0.2735       178       640    0.4663    0.3341    0.3132    0.1566    0.1624   0.08555   0.02422
   199/299     13.1G    0.1762   0.06911   0.02774     0.273       178       640    0.4878    0.3253    0.3135    0.1565    0.1623   0.08552   0.02419
   200/299     13.1G     0.176   0.06909   0.02769    0.2727       177       640    0.4842    0.3271    0.3141     0.157    0.1623    0.0855   0.02416
   201/299     13.1G    0.1758   0.06903   0.02771    0.2726       178       640      0.48    0.3284    0.3141    0.1571    0.1622   0.08546   0.02411
   202/299     13.1G    0.1758   0.06892   0.02761    0.2723       177       640    0.4749    0.3321    0.3144    0.1571    0.1622   0.08545   0.02408
   203/299     13.1G    0.1754   0.06893   0.02754    0.2719       178       640     0.485    0.3302     0.315    0.1574    0.1623   0.08543   0.02408
   204/299     13.1G    0.1755   0.06886   0.02745    0.2718       178       640    0.4856    0.3296    0.3151    0.1579    0.1623    0.0854   0.02405
   205/299     13.1G    0.1752   0.06881   0.02754    0.2715       177       640     0.466    0.3385    0.3156     0.158    0.1622   0.08539   0.02403
   206/299     13.1G     0.175   0.06877   0.02738    0.2711       178       640    0.4766    0.3347     0.316    0.1579    0.1621   0.08535   0.02398
   207/299     13.1G    0.1744   0.06873   0.02734    0.2704       177       640    0.4808    0.3337    0.3168    0.1581    0.1619   0.08532   0.02393
   208/299     13.1G    0.1746   0.06873   0.02733    0.2707       178       640    0.4703    0.3384    0.3164    0.1583    0.1618   0.08531    0.0239
   209/299     13.1G    0.1744   0.06866   0.02724    0.2703       178       640    0.5071    0.3238    0.3174    0.1585    0.1618   0.08528   0.02387
   210/299     13.1G    0.1742   0.06861   0.02728      0.27       178       640    0.5066    0.3246    0.3182    0.1591    0.1618   0.08526   0.02385
   211/299     13.1G    0.1738    0.0685   0.02715    0.2695       178       640    0.5337    0.3149    0.3184    0.1593    0.1617   0.08522   0.02385
   212/299     13.1G    0.1733   0.06841   0.02699    0.2687       178       640    0.5036    0.3244    0.3184    0.1592    0.1618   0.08521   0.02385
   213/299     13.1G    0.1736   0.06846   0.02707    0.2691       176       640    0.4851    0.3339    0.3189    0.1594    0.1618   0.08519   0.02384
   214/299     13.1G    0.1737   0.06845   0.02703    0.2692       178       640    0.5013    0.3283    0.3184    0.1589    0.1618   0.08516   0.02382
   215/299     13.1G    0.1732   0.06835   0.02695    0.2685       178       640    0.5045    0.3273    0.3181    0.1592    0.1617   0.08512   0.02378
   216/299     13.1G     0.173   0.06829   0.02684    0.2681       178       640    0.4533    0.3498    0.3181    0.1592    0.1616   0.08511   0.02375
   217/299     13.1G    0.1724   0.06821   0.02675    0.2674       177       640    0.4909    0.3342    0.3183    0.1596    0.1616   0.08508   0.02372
   218/299     13.1G    0.1723   0.06817   0.02674    0.2673       178       640    0.4922    0.3323    0.3181    0.1597    0.1615   0.08504   0.02372
   219/299     13.1G    0.1723   0.06811   0.02674    0.2672       178       640    0.4798    0.3384    0.3192      0.16    0.1614   0.08501    0.0237
   220/299     13.1G    0.1722   0.06823    0.0268    0.2672       178       640    0.4654    0.3444    0.3194    0.1603    0.1613   0.08497   0.02368
   221/299     13.1G    0.1723   0.06807    0.0266     0.267       178       640    0.4578    0.3499      0.32    0.1603    0.1612   0.08494   0.02364
   222/299     13.1G    0.1718   0.06804   0.02661    0.2664       178       640    0.4921    0.3353    0.3203    0.1606    0.1611   0.08489    0.0236
   223/299     13.1G    0.1714   0.06799   0.02648    0.2658       177       640      0.48    0.3406    0.3203     0.161     0.161   0.08486   0.02358
   224/299     13.1G    0.1711   0.06788    0.0264    0.2654       178       640    0.4658    0.3466    0.3206    0.1615     0.161   0.08486   0.02356
   225/299     13.1G    0.1713   0.06789   0.02645    0.2657       177       640    0.4707     0.345    0.3206    0.1616    0.1609   0.08484   0.02355
   226/299     13.1G    0.1711   0.06789   0.02635    0.2653       178       640    0.4771    0.3424    0.3212    0.1618    0.1609   0.08482   0.02353
   227/299     13.1G    0.1708   0.06772   0.02629    0.2648       178       640    0.4777    0.3433    0.3216    0.1623    0.1608   0.08482   0.02352
   228/299     13.1G    0.1703   0.06769   0.02626    0.2643       178       640    0.4776    0.3433    0.3214    0.1621    0.1607   0.08481   0.02351
   229/299     13.1G    0.1706   0.06775   0.02621    0.2645       177       640    0.4865    0.3389     0.322    0.1621    0.1606   0.08479   0.02348
   230/299     13.1G    0.1703   0.06767   0.02622    0.2642       178       640    0.4911    0.3371    0.3221    0.1622    0.1606   0.08478   0.02345
   231/299     13.1G    0.1704   0.06772   0.02615    0.2643       178       640    0.5009    0.3339    0.3227    0.1626    0.1605   0.08477   0.02342
   232/299     13.1G      0.17   0.06762   0.02613    0.2637       177       640    0.4954    0.3371    0.3232     0.163    0.1605   0.08475    0.0234
   233/299     13.1G    0.1696   0.06755   0.02603    0.2632       177       640    0.5067    0.3334    0.3245    0.1634    0.1604   0.08471   0.02339
   234/299     13.1G    0.1695   0.06746     0.026     0.263       178       640    0.4969    0.3372    0.3245    0.1631    0.1603   0.08469   0.02338
   235/299     13.1G    0.1692   0.06742   0.02594    0.2625       178       640     0.494    0.3378    0.3241    0.1637    0.1603   0.08466   0.02337
   236/299     13.1G    0.1695   0.06739   0.02586    0.2627       177       640    0.4954    0.3367    0.3247    0.1639    0.1602   0.08462   0.02336
   237/299     13.1G    0.1692   0.06738   0.02585    0.2625       177       640    0.4962    0.3379    0.3246     0.164    0.1601   0.08458   0.02336
   238/299     13.1G    0.1695   0.06739   0.02588    0.2627       178       640    0.4918    0.3406    0.3251    0.1647      0.16   0.08455   0.02332
   239/299     13.1G    0.1688   0.06729   0.02574    0.2618       178       640    0.4969      0.34    0.3254    0.1653      0.16   0.08452    0.0233
   240/299     13.1G    0.1684   0.06727   0.02574    0.2614       178       640    0.4818    0.3454    0.3253    0.1656    0.1599   0.08449   0.02328
   241/299     13.1G    0.1682   0.06716   0.02561    0.2609       178       640    0.4953    0.3405    0.3263    0.1657    0.1599   0.08447   0.02327
   242/299     13.1G    0.1681    0.0671   0.02554    0.2608       177       640    0.4925    0.3424    0.3262    0.1657    0.1599   0.08447   0.02327
   243/299     13.1G    0.1682   0.06708   0.02554    0.2608       177       640    0.4966    0.3421    0.3271    0.1658    0.1598   0.08443   0.02325
   244/299     13.1G    0.1678   0.06701   0.02548    0.2603       178       640     0.499    0.3413    0.3275    0.1658    0.1597   0.08439   0.02324
   245/299     13.1G    0.1677   0.06701   0.02544    0.2602       178       640    0.4934    0.3437    0.3276    0.1661    0.1596   0.08435   0.02324
   246/299     13.1G    0.1675   0.06704   0.02543      0.26       178       640    0.4919    0.3437    0.3275     0.166    0.1596   0.08433   0.02322
   247/299     13.1G    0.1676   0.06698    0.0254      0.26       178       640    0.4764    0.3504    0.3283    0.1665    0.1597   0.08431   0.02321
   248/299     13.1G    0.1671   0.06681   0.02533    0.2592       178       640    0.4969    0.3418    0.3283    0.1667    0.1596   0.08427   0.02318
   249/299     13.1G    0.1669   0.06682   0.02528     0.259       178       640    0.5107    0.3379    0.3283    0.1667    0.1596   0.08423   0.02316
   250/299     13.1G    0.1669   0.06678   0.02525    0.2589       178       640    0.5197    0.3331    0.3286    0.1669    0.1595   0.08422   0.02314
   251/299     13.1G    0.1671   0.06688   0.02529    0.2593       178       640    0.4769    0.3489    0.3283    0.1668    0.1594   0.08419   0.02311
   252/299     13.1G    0.1666   0.06675    0.0252    0.2586       178       640    0.5261    0.3288    0.3283    0.1669    0.1593   0.08415    0.0231
   253/299     13.1G    0.1664   0.06669   0.02515    0.2582       178       640     0.488    0.3447    0.3296    0.1677    0.1591   0.08412   0.02306
   254/299     13.1G    0.1662    0.0667    0.0252    0.2581       177       640    0.5035    0.3383    0.3297    0.1677    0.1591    0.0841   0.02304
   255/299     13.1G    0.1655   0.06655   0.02503    0.2571       178       640    0.4849    0.3456    0.3293    0.1674    0.1591    0.0841   0.02303
   256/299     13.1G    0.1661   0.06657   0.02502    0.2577       178       640    0.4871    0.3433    0.3292    0.1676    0.1592   0.08409   0.02302
   257/299     13.1G    0.1659   0.06653   0.02499    0.2574       177       640     0.504    0.3368    0.3302    0.1679    0.1591   0.08407   0.02299
   258/299     13.1G    0.1656    0.0665   0.02491     0.257       178       640    0.5046    0.3367    0.3298    0.1679     0.159   0.08406   0.02297
   259/299     13.1G    0.1652   0.06641   0.02488    0.2565       177       640    0.4948    0.3405    0.3293     0.168    0.1589   0.08405   0.02295
   260/299     13.1G    0.1655   0.06646   0.02488    0.2569       178       640     0.513    0.3341    0.3298    0.1681    0.1588   0.08403   0.02293
   261/299     13.1G    0.1653   0.06649   0.02478    0.2566       177       640    0.4984    0.3407    0.3305    0.1684    0.1588   0.08401   0.02291
   262/299     13.1G    0.1652   0.06634   0.02474    0.2562       178       640    0.4864    0.3452    0.3316    0.1689    0.1589   0.08399   0.02291
   263/299     13.1G     0.165   0.06633   0.02468     0.256       177       640    0.4873    0.3457    0.3321    0.1693    0.1589   0.08397   0.02288
   264/299     13.1G    0.1648    0.0663   0.02465    0.2558       177       640    0.4767    0.3504    0.3316    0.1696    0.1589   0.08394   0.02286
   265/299     13.1G    0.1649   0.06627   0.02466    0.2558       177       640    0.5039    0.3395    0.3319    0.1698    0.1589    0.0839   0.02283
   266/299     13.1G    0.1645    0.0663   0.02466    0.2555       178       640    0.5164    0.3361    0.3326    0.1697    0.1588   0.08387    0.0228
   267/299     13.1G    0.1651   0.06637   0.02478    0.2563       178       640    0.5107    0.3384    0.3328    0.1703    0.1588   0.08385    0.0228
   268/299     13.1G    0.1645   0.06626   0.02468    0.2554       178       640    0.5056    0.3406    0.3329    0.1702    0.1588   0.08384   0.02277
   269/299     13.1G     0.164   0.06616   0.02458    0.2548       178       640    0.5026    0.3432    0.3325    0.1702    0.1587   0.08382   0.02276
   270/299     13.1G    0.1641   0.06615   0.02454    0.2548       177       640    0.4997    0.3448    0.3324    0.1704    0.1587    0.0838   0.02275
   271/299     13.1G     0.164   0.06606   0.02452    0.2546       178       640    0.5169    0.3375    0.3331    0.1701    0.1588   0.08381   0.02275
   272/299     13.1G    0.1643   0.06614   0.02453     0.255       177       640    0.5187    0.3369    0.3331      0.17    0.1588   0.08384   0.02278
   273/299     13.1G    0.1636   0.06611   0.02444    0.2542       177       640    0.4583    0.3639    0.3324    0.1698    0.1588   0.08385   0.02279
   274/299     13.1G    0.1639   0.06606    0.0245    0.2544       178       640    0.5047    0.3422    0.3323      0.17    0.1588   0.08388   0.02278
   275/299     13.1G    0.1635   0.06602   0.02441    0.2539       177       640    0.4979     0.346    0.3325    0.1701    0.1587   0.08387   0.02278
   276/299     13.1G    0.1629   0.06592    0.0243    0.2531       178       640    0.5025    0.3437    0.3326    0.1705    0.1585   0.08383   0.02276
   277/299     13.1G    0.1631   0.06595   0.02431    0.2534       177       640    0.4939    0.3464    0.3329    0.1708    0.1584   0.08382   0.02274
   278/299     13.1G    0.1631   0.06596    0.0243    0.2533       177       640    0.4928    0.3485    0.3334     0.171    0.1583   0.08382   0.02272
   279/299     13.1G    0.1628   0.06589   0.02433    0.2531       178       640    0.4986    0.3483    0.3341    0.1716    0.1582   0.08381   0.02271
   280/299     13.1G    0.1633   0.06596   0.02431    0.2536       178       640    0.4956    0.3503    0.3345    0.1716    0.1582   0.08378    0.0227
   281/299     13.1G    0.1627   0.06588   0.02422    0.2528       177       640    0.5098    0.3449    0.3354    0.1716    0.1583   0.08378    0.0227
   282/299     13.1G    0.1628   0.06586   0.02427    0.2529       178       640    0.4971    0.3504     0.335    0.1715    0.1584   0.08376   0.02269
   283/299     13.1G    0.1629   0.06583   0.02419    0.2529       178       640    0.5153    0.3433    0.3353    0.1718    0.1584   0.08374   0.02269
   284/299     13.1G    0.1622   0.06581   0.02412    0.2522       178       640    0.5131    0.3445    0.3358    0.1718    0.1583   0.08372   0.02269
   285/299     13.1G    0.1625   0.06581   0.02418    0.2524       177       640    0.5289    0.3389    0.3354    0.1713    0.1583   0.08371   0.02268
   286/299     13.1G    0.1626   0.06582   0.02423    0.2527       178       640     0.509    0.3473    0.3359    0.1716    0.1583    0.0837   0.02267
   287/299     13.1G     0.162   0.06576   0.02414    0.2519       178       640    0.4973    0.3519    0.3358    0.1716    0.1582   0.08369   0.02266
   288/299     13.1G    0.1621   0.06572    0.0241    0.2519       177       640    0.5016    0.3499    0.3362     0.172    0.1582   0.08368   0.02264
   289/299     13.1G    0.1621   0.06579   0.02408    0.2519       178       640    0.5128    0.3451    0.3363     0.172    0.1581   0.08366   0.02263
   290/299     13.1G     0.162   0.06573   0.02412    0.2519       177       640    0.4848    0.3569    0.3365    0.1718    0.1581   0.08366   0.02262
   291/299     13.1G    0.1618   0.06573   0.02408    0.2516       177       640     0.493    0.3536    0.3365    0.1718     0.158   0.08364    0.0226
   292/299     13.1G     0.162   0.06573   0.02406    0.2518       177       640    0.4952    0.3523    0.3366    0.1722     0.158   0.08363   0.02257
   293/299     13.1G    0.1618   0.06565   0.02399    0.2514       177       640    0.5393    0.3357     0.336    0.1718     0.158   0.08362   0.02256
   294/299     13.1G     0.162   0.06574   0.02409    0.2518       178       640    0.5376    0.3354    0.3358    0.1715    0.1581   0.08363   0.02254
   295/299     13.1G    0.1617   0.06572   0.02405    0.2515       177       640    0.5132     0.346    0.3362    0.1715    0.1582   0.08363   0.02254
   296/299     13.1G    0.1615   0.06569   0.02408    0.2513       177       640    0.5159    0.3443    0.3363    0.1714    0.1582   0.08362   0.02254
   297/299     13.1G     0.162   0.06571     0.024    0.2517       177       640    0.5117    0.3462    0.3359    0.1716    0.1584   0.08366   0.02257
   298/299     13.1G    0.1616   0.06569   0.02402    0.2513       178       640    0.5131    0.3464     0.336    0.1717    0.1584   0.08367   0.02258
   299/299     13.1G    0.1615   0.06565   0.02398    0.2511       178       640    0.5106    0.3455    0.3359    0.1716    0.1584   0.08368    0.0226
